[gd_scene load_steps=2 format=3 uid="uid://0y1ud2u3avhq"]

[ext_resource type="PackedScene" uid="uid://c4s84e8jai5tp" path="res://logic/entities/Items/crate/dark_crate/DarkCrate.tscn" id="1_o0btg"]

[node name="DarkCratePile" type="Node3D"]

[node name="DarkCrate" parent="." instance=ExtResource("1_o0btg")]
transform = Transform3D(0.018080637, 0, -0.9998365, 0, 1, 0, 0.9998365, 0, 0.018080637, 0.22094429, 0.32688618, -0.051809788)

[node name="DarkCrate2" parent="." instance=ExtResource("1_o0btg")]
transform = Transform3D(0.16974513, 0, -0.98548794, 0, 1, 0, 0.98548794, 0, 0.16974513, -0.6761525, 0.32688618, -0.035587072)

[node name="DarkCrate3" parent="." instance=ExtResource("1_o0btg")]
transform = Transform3D(0.10419868, 0, -0.9945564, 0, 1, 0, 0.9945564, 0, 0.10419868, -0.5922417, 0.95203674, -0.09711468)

[node name="DarkCrate5" parent="." instance=ExtResource("1_o0btg")]
transform = Transform3D(-0.00013776124, 0.5674518, -0.8234067, -0.049038175, 0.8224122, 0.56677455, 0.9987968, 0.04045643, 0.0277135, 0.9590148, 0.49451292, -0.06555855)

[node name="DarkCrate6" parent="." instance=ExtResource("1_o0btg")]
transform = Transform3D(0.770728, 0.022098517, -0.63678104, -0.0027166149, 0.9995034, 0.031398155, 0.6371586, -0.022469565, 0.7704051, 0.18815207, 0.9411861, -0.1001879)
