[gd_resource type="SkeletonProfile" format=3 uid="uid://dm6rpqwyje5qc"]

[resource]
group_size = 1
bone_size = 237
groups/0/group_name = &""
bones/0/bone_name = &"MCH_elbow.L"
bones/0/bone_parent = &""
bones/0/tail_direction = 0
bones/0/reference_pose = Transform3D(1, -4.0849e-07, -2.13388e-08, 2.13388e-08, 0, 1, -4.0849e-07, -1, 0, -1.15973, 26.1979, -5.2541)
bones/0/handle_offset = Vector2(0.47223, 0.364302)
bones/0/group = &""
bones/0/require = false
bones/1/bone_name = &"MCH_armIKtar.L"
bones/1/bone_parent = &""
bones/1/tail_direction = 0
bones/1/reference_pose = Transform3D(0.964148, 0.203193, 0.17068, 0.229958, -0.960737, -0.155253, 0.132432, 0.188936, -0.973018, 6.4653, 21.0359, -0.197814)
bones/1/handle_offset = Vector2(0.654805, 0.487901)
bones/1/group = &""
bones/1/require = false
bones/2/bone_name = &"MCH_elbow.R"
bones/2/bone_parent = &""
bones/2/tail_direction = 0
bones/2/reference_pose = Transform3D(1, 0, -5.05337e-09, 5.05337e-09, 0, 1, 0, -1, 0, 1.15973, 26.1979, -5.2541)
bones/2/handle_offset = Vector2(0.527768, 0.364302)
bones/2/group = &""
bones/2/require = false
bones/3/bone_name = &"MCH_armIKtar.R"
bones/3/bone_parent = &""
bones/3/tail_direction = 0
bones/3/reference_pose = Transform3D(0.977004, -0.203193, -0.0646148, -0.211673, -0.960737, -0.179384, -0.0256284, 0.188936, -0.981655, -6.4653, 21.0359, -0.197814)
bones/3/handle_offset = Vector2(0.345193, 0.487901)
bones/3/group = &""
bones/3/require = false
bones/4/bone_name = &"PIV_HIPS"
bones/4/bone_parent = &""
bones/4/tail_direction = 0
bones/4/reference_pose = Transform3D(-1, -3.55271e-15, 1.50996e-07, -5.90384e-08, -0.920393, -0.390994, 1.38976e-07, -0.390994, 0.920393, 0, 26.0121, 0.841075)
bones/4/handle_offset = Vector2(0.499999, 0.368751)
bones/4/group = &""
bones/4/require = false
bones/5/bone_name = &"PIV_CHEST"
bones/5/bone_parent = &"PIV_HIPS"
bones/5/tail_direction = 0
bones/5/reference_pose = Transform3D(-1, -9.36709e-08, 1.18436e-07, -1.94689e-12, -0.784332, -0.620342, 1.51001e-07, -0.620342, 0.784332, -1.2742e-13, -2.563e-06, 1.66893e-06)
bones/5/handle_offset = Vector2(0.499999, 0.368751)
bones/5/group = &""
bones/5/require = false
bones/6/bone_name = &"PELVIS"
bones/6/bone_parent = &"PIV_HIPS"
bones/6/tail_direction = 0
bones/6/reference_pose = Transform3D(1, 1.36196e-08, -3.01384e-07, -1.36201e-08, -0.995924, -0.0902009, -3.01379e-07, 0.0901994, -0.99594, 2.00922e-12, 5.55038, 9.53674e-06)
bones/6/handle_offset = Vector2(0.499999, 0.49107)
bones/6/group = &""
bones/6/require = false
bones/7/bone_name = &"VERTEBRAE_L5"
bones/7/bone_parent = &"PELVIS"
bones/7/tail_direction = 0
bones/7/reference_pose = Transform3D(1, 2.70381e-09, -3.2431e-09, -2.8028e-09, 0.999522, -0.0309217, 3.15794e-09, 0.0309217, 0.999522, 1.8342e-16, 2.95334, 4.80562e-07)
bones/7/handle_offset = Vector2(0.499999, 0.428744)
bones/7/group = &""
bones/7/require = false
bones/8/bone_name = &"VERTEBRAE_L4"
bones/8/bone_parent = &"VERTEBRAE_L5"
bones/8/tail_direction = 0
bones/8/reference_pose = Transform3D(1, 4.49644e-08, -6.3106e-09, -4.48505e-08, 0.956541, -0.291597, -7.07515e-09, 0.291597, 0.956541, -7.4718e-14, 0.656268, -1.2517e-06)
bones/8/handle_offset = Vector2(0.499999, 0.414671)
bones/8/group = &""
bones/8/require = false
bones/9/bone_name = &"VERTEBRAE_L3"
bones/9/bone_parent = &"VERTEBRAE_L4"
bones/9/tail_direction = 0
bones/9/reference_pose = Transform3D(1, 4.32303e-08, 2.69935e-10, -4.18232e-08, 0.968994, -0.247085, -1.09431e-08, 0.247085, 0.968994, 1.35447e-14, 0.655771, -5.96046e-08)
bones/9/handle_offset = Vector2(0.499999, 0.399183)
bones/9/group = &""
bones/9/require = false
bones/10/bone_name = &"VERTEBRAE_L2"
bones/10/bone_parent = &"VERTEBRAE_L3"
bones/10/tail_direction = 0
bones/10/reference_pose = Transform3D(1, 2.89553e-08, -6.09504e-09, -2.9587e-08, 0.975604, -0.219538, -4.10457e-10, 0.219538, 0.975604, 2.04281e-14, 0.709262, 1.49012e-07)
bones/10/handle_offset = Vector2(0.499999, 0.382261)
bones/10/group = &""
bones/10/require = false
bones/11/bone_name = &"VERTEBRAE_L1"
bones/11/bone_parent = &"VERTEBRAE_L2"
bones/11/tail_direction = 0
bones/11/reference_pose = Transform3D(1, 8.29973e-09, -2.24652e-10, -8.29954e-09, 0.99849, -0.0549349, -2.31633e-10, 0.0549349, 0.99849, 1.86228e-13, 0.715998, 7.45058e-08)
bones/11/handle_offset = Vector2(0.499999, 0.365912)
bones/11/group = &""
bones/11/require = false
bones/12/bone_name = &"VERTEBRAE_T12"
bones/12/bone_parent = &"VERTEBRAE_L1"
bones/12/tail_direction = 0
bones/12/reference_pose = Transform3D(1, 8.1583e-09, -7.71686e-09, -9.06381e-09, 0.992064, -0.125732, 6.62986e-09, 0.125732, 0.992064, -2.34803e-13, 0.67854, -7.93487e-07)
bones/12/handle_offset = Vector2(0.499999, 0.350711)
bones/12/group = &""
bones/12/require = false
bones/13/bone_name = &"VERTEBRAE_T11"
bones/13/bone_parent = &"VERTEBRAE_T12"
bones/13/tail_direction = 0
bones/13/reference_pose = Transform3D(1, 1.27873e-08, 5.19281e-09, -1.26612e-08, 0.999722, -0.0235908, -5.49302e-09, 0.0235908, 0.999722, 2.53131e-13, 0.691214, 8.04663e-07)
bones/13/handle_offset = Vector2(0.499999, 0.336083)
bones/13/group = &""
bones/13/require = false
bones/14/bone_name = &"VERTEBRAE_T10"
bones/14/bone_parent = &"VERTEBRAE_T11"
bones/14/tail_direction = 0
bones/14/reference_pose = Transform3D(1, -7.11887e-09, -1.39579e-10, 7.11759e-09, 0.998903, 0.0468283, -1.93939e-10, -0.0468283, 0.998903, -3.59712e-13, 0.686419, -1.43051e-06)
bones/14/handle_offset = Vector2(0.499999, 0.321742)
bones/14/group = &""
bones/14/require = false
bones/15/bone_name = &"VERTEBRAE_T9"
bones/15/bone_parent = &"VERTEBRAE_T10"
bones/15/tail_direction = 0
bones/15/reference_pose = Transform3D(1, -1.09327e-08, -3.53802e-10, 1.09298e-08, 0.997413, 0.0718905, -4.33068e-10, -0.0718905, 0.997413, -2.07834e-13, 0.642812, -2.38419e-07)
bones/15/handle_offset = Vector2(0.499999, 0.307975)
bones/15/group = &""
bones/15/require = false
bones/16/bone_name = &"VERTEBRAE_T8"
bones/16/bone_parent = &"VERTEBRAE_T9"
bones/16/tail_direction = 0
bones/16/reference_pose = Transform3D(1, 4.53877e-09, 1.24685e-08, -5.60153e-09, 0.996243, 0.0866035, -1.20285e-08, -0.0866035, 0.996243, 5.86198e-14, 0.596151, 3.57628e-07)
bones/16/handle_offset = Vector2(0.499999, 0.294781)
bones/16/group = &""
bones/16/require = false
bones/17/bone_name = &"VERTEBRAE_T7"
bones/17/bone_parent = &"VERTEBRAE_T8"
bones/17/tail_direction = 0
bones/17/reference_pose = Transform3D(1, -3.30858e-08, -1.57829e-08, 3.4635e-08, 0.993805, 0.111142, 1.20079e-08, -0.111142, 0.993805, -1.20138e-08, 0.678122, 2.38419e-07)
bones/17/handle_offset = Vector2(0.499999, 0.279293)
bones/17/group = &""
bones/17/require = false
bones/18/bone_name = &"VERTEBRAE_T6"
bones/18/bone_parent = &"VERTEBRAE_T7"
bones/18/tail_direction = 0
bones/18/reference_pose = Transform3D(1, 2.11679e-09, 2.01384e-08, -4.82751e-09, 0.990767, 0.135575, -1.96655e-08, -0.135575, 0.990767, -2.66454e-14, 0.622528, -4.76837e-07)
bones/18/handle_offset = Vector2(0.499999, 0.264665)
bones/18/group = &""
bones/18/require = false
bones/19/bone_name = &"VERTEBRAE_T5"
bones/19/bone_parent = &"VERTEBRAE_T6"
bones/19/tail_direction = 0
bones/19/reference_pose = Transform3D(1, -4.83144e-08, -2.86023e-08, 5.3025e-08, 0.980161, 0.198202, 1.84589e-08, -0.198202, 0.980161, -1.42134e-08, 0.623919, 1.77636e-15)
bones/19/handle_offset = Vector2(0.499999, 0.249751)
bones/19/group = &""
bones/19/require = false
bones/20/bone_name = &"VERTEBRAE_T4"
bones/20/bone_parent = &"VERTEBRAE_T5"
bones/20/tail_direction = 0
bones/20/reference_pose = Transform3D(1, 2.41461e-08, 3.75663e-08, -2.58604e-08, 0.998927, 0.0463235, -3.64075e-08, -0.0463235, 0.998926, 1.01252e-13, 0.592917, 1.77636e-15)
bones/20/handle_offset = Vector2(0.499999, 0.235697)
bones/20/group = &""
bones/20/require = false
bones/21/bone_name = &"VERTEBRAE_T3"
bones/21/bone_parent = &"VERTEBRAE_T4"
bones/21/tail_direction = 0
bones/21/reference_pose = Transform3D(1, -2.54411e-08, 4.38484e-09, 2.34932e-08, 0.967209, 0.253982, -1.07026e-08, -0.253982, 0.967209, -1.59928e-08, 0.512162, -7.15256e-07)
bones/21/handle_offset = Vector2(0.499999, 0.22365)
bones/21/group = &""
bones/21/require = false
bones/22/bone_name = &"VERTEBRAE_T2"
bones/22/bone_parent = &"VERTEBRAE_T3"
bones/22/tail_direction = 0
bones/22/reference_pose = Transform3D(1, -2.77304e-08, -4.97326e-08, 2.54773e-08, 0.998998, -0.0447458, 5.09236e-08, 0.0447458, 0.998998, 1.3614e-11, 0.493229, 0)
bones/22/handle_offset = Vector2(0.499999, 0.212991)
bones/22/group = &""
bones/22/require = false
bones/23/bone_name = &"VERTEBRAE_T1"
bones/23/bone_parent = &"VERTEBRAE_T2"
bones/23/tail_direction = 0
bones/23/reference_pose = Transform3D(1, -5.36727e-08, -7.16965e-08, 5.81087e-08, 0.99799, 0.0633773, 6.81508e-08, -0.0633773, 0.99799, -1.65194e-13, 0.386721, -2.38419e-07)
bones/23/handle_offset = Vector2(0.499999, 0.204464)
bones/23/group = &""
bones/23/require = false
bones/24/bone_name = &"VERTEBRAE_C7"
bones/24/bone_parent = &"VERTEBRAE_T1"
bones/24/tail_direction = 0
bones/24/reference_pose = Transform3D(1, 1.19229e-07, 1.21928e-07, -1.00079e-07, 0.989209, -0.146511, -1.38081e-07, 0.146511, 0.989209, -3.01981e-13, 0.413513, -1.01328e-06)
bones/24/handle_offset = Vector2(0.499999, 0.195608)
bones/24/group = &""
bones/24/require = false
bones/25/bone_name = &"VERTEBRAE_C6"
bones/25/bone_parent = &"VERTEBRAE_C7"
bones/25/tail_direction = 0
bones/25/reference_pose = Transform3D(1, -3.58665e-08, -5.65635e-08, 3.12495e-08, 0.996826, -0.0796116, 5.92393e-08, 0.0796117, 0.996826, 3.55271e-15, 0.418024, 8.9407e-07)
bones/25/handle_offset = Vector2(0.499999, 0.186097)
bones/25/group = &""
bones/25/require = false
bones/26/bone_name = &"VERTEBRAE_C5"
bones/26/bone_parent = &"VERTEBRAE_C6"
bones/26/tail_direction = 0
bones/26/reference_pose = Transform3D(1, 7.97734e-09, -1.45159e-10, -7.97397e-09, 0.998622, -0.0524721, -2.73629e-10, 0.0524721, 0.998622, -6.28057e-15, 0.408658, 4.76837e-07)
bones/26/handle_offset = Vector2(0.499999, 0.176585)
bones/26/group = &""
bones/26/require = false
bones/27/bone_name = &"VERTEBRAE_C4"
bones/27/bone_parent = &"VERTEBRAE_C5"
bones/27/tail_direction = 0
bones/27/reference_pose = Transform3D(1, 1.27323e-08, -5.71593e-10, -1.27351e-08, 0.996421, -0.0845262, -5.06665e-10, 0.0845262, 0.996421, -3.73365e-14, 0.411059, -5.96046e-08)
bones/27/handle_offset = Vector2(0.499999, 0.16691)
bones/27/group = &""
bones/27/require = false
bones/28/bone_name = &"VERTEBRAE_C3"
bones/28/bone_parent = &"VERTEBRAE_C4"
bones/28/tail_direction = 0
bones/28/reference_pose = Transform3D(1, 1.25347e-08, -4.99884e-10, -1.2533e-08, 0.996559, -0.0828855, -5.40777e-10, 0.0828855, 0.996559, -4.56059e-15, 0.412989, 2.38419e-07)
bones/28/handle_offset = Vector2(0.499999, 0.157071)
bones/28/group = &""
bones/28/require = false
bones/29/bone_name = &"VERTEBRAE_C2"
bones/29/bone_parent = &"VERTEBRAE_C3"
bones/29/tail_direction = 0
bones/29/reference_pose = Transform3D(1, 1.99109e-08, -1.39834e-09, -1.99208e-08, 0.991197, -0.132398, -1.25013e-09, 0.132398, 0.991197, 1.01412e-14, 0.410992, 0)
bones/29/handle_offset = Vector2(0.499999, 0.147231)
bones/29/group = &""
bones/29/require = false
bones/30/bone_name = &"VERTEBRAE_C1(atlas)"
bones/30/bone_parent = &"VERTEBRAE_C2"
bones/30/tail_direction = 0
bones/30/reference_pose = Transform3D(1, 1.34091e-08, -5.44539e-10, -1.34047e-08, 0.996086, -0.0883913, -6.42839e-10, 0.0883913, 0.996086, 4.18051e-14, 0.4137, 2.38419e-07)
bones/30/handle_offset = Vector2(0.499999, 0.137392)
bones/30/group = &""
bones/30/require = false
bones/31/bone_name = &"RIB_T1"
bones/31/bone_parent = &"VERTEBRAE_T2"
bones/31/tail_direction = 0
bones/31/reference_pose = Transform3D(-1, -1.50645e-07, -4.59225e-09, 2.8912e-10, 0.0285522, -0.999592, 1.50715e-07, -0.999592, -0.0285522, -1.65194e-13, 0.386721, -2.38419e-07)
bones/31/handle_offset = Vector2(0.499999, 0.204464)
bones/31/group = &""
bones/31/require = false
bones/32/bone_name = &"STERNUM"
bones/32/bone_parent = &"RIB_T1"
bones/32/tail_direction = 0
bones/32/reference_pose = Transform3D(-1, 6.72067e-11, 1.51021e-07, 9.89321e-08, 0.755843, 0.654753, -1.14104e-07, 0.654753, -0.755843, -8.32667e-17, 1.45427, 2.01166e-07)
bones/32/handle_offset = Vector2(0.499999, 0.217114)
bones/32/group = &""
bones/32/require = false
bones/33/bone_name = &"STERNUM_TAIL"
bones/33/bone_parent = &"STERNUM"
bones/33/tail_direction = 0
bones/33/reference_pose = Transform3D(-1, -5.12889e-12, -1.50996e-07, -1.02432e-11, 1, 3.38703e-05, 1.50996e-07, 3.38703e-05, -1, -1.17462e-13, 2.85913, -1.19209e-07)
bones/33/handle_offset = Vector2(0.499999, 0.277674)
bones/33/group = &""
bones/33/require = false
bones/34/bone_name = &"PIV_SHOULDER.L"
bones/34/bone_parent = &"STERNUM"
bones/34/tail_direction = 0
bones/34/reference_pose = Transform3D(-0.149418, -0.917501, 0.3686, -0.940787, 0.0171952, -0.338563, 0.304294, -0.397361, -0.865742, -0.304495, -0.322041, 0.210914)
bones/34/handle_offset = Vector2(0.50729, 0.207938)
bones/34/group = &""
bones/34/require = false
bones/35/bone_name = &"CLAVICLE.L"
bones/35/bone_parent = &"PIV_SHOULDER.L"
bones/35/tail_direction = 0
bones/35/reference_pose = Transform3D(0.935043, 0.320621, 0.151317, -0.303215, 0.944377, -0.127331, -0.183726, 0.0731782, 0.98025, -4.84288e-07, 2.69711e-06, -2.11596e-06)
bones/35/handle_offset = Vector2(0.50729, 0.207938)
bones/35/group = &""
bones/35/require = false
bones/36/bone_name = &"HUMERUS.L"
bones/36/bone_parent = &"PIV_SHOULDER.L"
bones/36/tail_direction = 0
bones/36/reference_pose = Transform3D(0.303753, -0.952514, -0.0212343, 0.906359, 0.29576, -0.301727, 0.29368, 0.0724047, 0.953158, 8.9407e-07, 3.71571, -2.98023e-07)
bones/36/handle_offset = Vector2(0.588919, 0.225777)
bones/36/group = &""
bones/36/require = false
bones/37/bone_name = &"MCH_forearm.L"
bones/37/bone_parent = &"HUMERUS.L"
bones/37/tail_direction = 0
bones/37/reference_pose = Transform3D(0.748842, 0.131126, 0.649648, -0.287509, 0.947466, 0.14017, -0.597139, -0.291744, 0.747202, 4.17233e-07, 5.81576, -2.98023e-07)
bones/37/handle_offset = Vector2(0.603172, 0.364296)
bones/37/group = &""
bones/37/require = false
bones/38/bone_name = &"RADIUS.L"
bones/38/bone_parent = &"MCH_forearm.L"
bones/38/tail_direction = 0
bones/38/reference_pose = Transform3D(0.99753, 0.0605804, -0.0355546, -0.0597561, 0.997929, 0.0238077, 0.0369232, -0.0216243, 0.999084, 3.06908e-05, 2.71946e-05, -0.000134826)
bones/38/handle_offset = Vector2(0.603173, 0.364296)
bones/38/group = &""
bones/38/require = false
bones/39/bone_name = &"ULNA.L"
bones/39/bone_parent = &"MCH_forearm.L"
bones/39/tail_direction = 0
bones/39/reference_pose = Transform3D(0.993827, -0.0712018, 0.0850749, 0.0719091, 0.997397, -0.00527559, -0.0844779, 0.0113607, 0.996361, 3.06908e-05, 2.71946e-05, -0.000134826)
bones/39/handle_offset = Vector2(0.603173, 0.364296)
bones/39/group = &""
bones/39/require = false
bones/40/bone_name = &"HAND.L"
bones/40/bone_parent = &"MCH_forearm.L"
bones/40/tail_direction = 0
bones/40/reference_pose = Transform3D(0.976983, -0.183501, 0.108769, 0.176016, 0.981533, 0.0749146, -0.120507, -0.0540454, 0.99124, -1.112e-06, 5.64674, -5.96046e-08)
bones/40/handle_offset = Vector2(0.654815, 0.487895)
bones/40/group = &""
bones/40/require = false
bones/41/bone_name = &"PINKY_PALM.L"
bones/41/bone_parent = &"HAND.L"
bones/41/tail_direction = 0
bones/41/reference_pose = Transform3D(0.938003, -0.215508, -0.271491, 0.223684, 0.974661, -0.000848243, 0.264794, -0.0599327, 0.962441, -0.485304, 0.338773, -0.0459061)
bones/41/handle_offset = Vector2(0.645073, 0.49819)
bones/41/group = &""
bones/41/require = false
bones/42/bone_name = &"FING_PINKY_A.L"
bones/42/bone_parent = &"PINKY_PALM.L"
bones/42/tail_direction = 0
bones/42/reference_pose = Transform3D(0.99162, 0.0822026, 0.0996649, -0.0993662, 0.978312, 0.181746, -0.0825634, -0.190126, 0.978282, -7.61822e-07, 1.23746, -6.48201e-07)
bones/42/handle_offset = Vector2(0.644482, 0.527128)
bones/42/group = &""
bones/42/require = false
bones/43/bone_name = &"FING_PINKY_B.L"
bones/43/bone_parent = &"FING_PINKY_A.L"
bones/43/tail_direction = 0
bones/43/reference_pose = Transform3D(0.998389, 0.0566279, -0.00346564, -0.0564289, 0.997493, 0.0426965, 0.00587477, -0.0424322, 0.999082, 3.72529e-07, 0.708643, -1.038e-06)
bones/43/handle_offset = Vector2(0.645854, 0.542716)
bones/43/group = &""
bones/43/require = false
bones/44/bone_name = &"FING_PINKY_C.L"
bones/44/bone_parent = &"FING_PINKY_B.L"
bones/44/tail_direction = 0
bones/44/reference_pose = Transform3D(0.999302, -0.00755387, -0.03659, 0.0169686, 0.964276, 0.264356, 0.0332859, -0.264792, 0.963731, 4.28408e-07, 0.479703, 7.53989e-08)
bones/44/handle_offset = Vector2(0.647429, 0.553004)
bones/44/group = &""
bones/44/require = false
bones/45/bone_name = &"THUMB_PALM.L"
bones/45/bone_parent = &"HAND.L"
bones/45/tail_direction = 0
bones/45/reference_pose = Transform3D(0.0475842, 0.561902, 0.825834, -0.430062, 0.757741, -0.490791, -0.901545, -0.331806, 0.277709, 0.719223, 0.384567, -0.363751)
bones/45/handle_offset = Vector2(0.671804, 0.491429)
bones/45/group = &""
bones/45/require = false
bones/46/bone_name = &"FING_THUMB_A.L"
bones/46/bone_parent = &"THUMB_PALM.L"
bones/46/tail_direction = 0
bones/46/reference_pose = Transform3D(0.985354, -0.0373424, 0.166379, -0.000156909, 0.975528, 0.219878, -0.170518, -0.216683, 0.961235, -8.34465e-07, 1.16891, 2.20537e-06)
bones/46/handle_offset = Vector2(0.689692, 0.506746)
bones/46/group = &""
bones/46/require = false
bones/47/bone_name = &"FING_THUMB_B.L"
bones/47/bone_parent = &"FING_THUMB_A.L"
bones/47/tail_direction = 0
bones/47/reference_pose = Transform3D(0.979753, 0.126839, -0.154903, -0.0804678, 0.957945, 0.27544, 0.183325, -0.257398, 0.948756, -4.76837e-07, 0.655018, 1.01142e-06)
bones/47/handle_offset = Vector2(0.697057, 0.517551)
bones/47/group = &""
bones/47/require = false
bones/48/bone_name = &"FING_MID_A.L"
bones/48/bone_parent = &"HAND.L"
bones/48/tail_direction = 0
bones/48/reference_pose = Transform3D(0.974486, -0.0663198, -0.214426, 0.11386, 0.969366, 0.217635, 0.193424, -0.236497, 0.952185, 1.38767e-06, 1.87113, 2.22623e-05)
bones/48/handle_offset = Vector2(0.66392, 0.530939)
bones/48/group = &""
bones/48/require = false
bones/49/bone_name = &"FING_MID_B.L"
bones/49/bone_parent = &"FING_MID_A.L"
bones/49/tail_direction = 0
bones/49/reference_pose = Transform3D(0.999878, -0.0139113, -0.00705118, 0.0144056, 0.997025, 0.0757205, 0.00597683, -0.0758129, 0.997104, 1.99303e-07, 1.0117, -6.03894e-07)
bones/49/handle_offset = Vector2(0.666166, 0.552979)
bones/49/group = &""
bones/49/require = false
bones/50/bone_name = &"FING_MID_C.L"
bones/50/bone_parent = &"FING_MID_B.L"
bones/50/tail_direction = 0
bones/50/reference_pose = Transform3D(0.999736, 0.00557631, -0.0223022, 0.000963172, 0.959123, 0.282989, 0.0229685, -0.282936, 0.958864, -5.84871e-07, 0.596731, 5.21304e-08)
bones/50/handle_offset = Vector2(0.667289, 0.565518)
bones/50/group = &""
bones/50/require = false
bones/51/bone_name = &"FING_INDEX_A.L"
bones/51/bone_parent = &"HAND.L"
bones/51/tail_direction = 0
bones/51/reference_pose = Transform3D(0.974513, -0.105383, -0.198038, 0.131341, 0.983696, 0.122849, 0.181863, -0.145728, 0.972466, 0.580787, 1.91708, -0.162039)
bones/51/handle_offset = Vector2(0.67689, 0.528195)
bones/51/group = &""
bones/51/require = false
bones/52/bone_name = &"FING_INDEX_B.L"
bones/52/bone_parent = &"FING_INDEX_A.L"
bones/52/tail_direction = 0
bones/52/reference_pose = Transform3D(0.999279, -0.0366904, -0.00975908, 0.037661, 0.990462, 0.132535, 0.00480323, -0.132807, 0.99113, -2.34693e-07, 1.00185, 3.24339e-07)
bones/52/handle_offset = Vector2(0.678651, 0.550905)
bones/52/group = &""
bones/52/require = false
bones/53/bone_name = &"FING_INDEX_C.L"
bones/53/bone_parent = &"FING_INDEX_B.L"
bones/53/tail_direction = 0
bones/53/reference_pose = Transform3D(0.999118, -0.0397719, -0.0134663, 0.0419254, 0.927142, 0.372358, -0.00232423, -0.372595, 0.927991, -6.70552e-08, 0.648798, -2.15314e-07)
bones/53/handle_offset = Vector2(0.679213, 0.564863)
bones/53/group = &""
bones/53/require = false
bones/54/bone_name = &"FING_RING_A.L"
bones/54/bone_parent = &"HAND.L"
bones/54/tail_direction = 0
bones/54/reference_pose = Transform3D(0.974922, -0.0493223, -0.217014, 0.100921, 0.967085, 0.233583, 0.19835, -0.249626, 0.94781, -0.449523, 1.76586, -0.0815998)
bones/54/handle_offset = Vector2(0.652697, 0.530689)
bones/54/group = &""
bones/54/require = false
bones/55/bone_name = &"FING_RING_B.L"
bones/55/bone_parent = &"FING_RING_A.L"
bones/55/tail_direction = 0
bones/55/reference_pose = Transform3D(0.999776, -0.0210784, -0.00195231, 0.0211105, 0.999611, 0.0182371, 0.00156714, -0.0182743, 0.999832, -9.25735e-07, 0.882703, -5.05932e-07)
bones/55/handle_offset = Vector2(0.654945, 0.549747)
bones/55/group = &""
bones/55/require = false
bones/56/bone_name = &"FING_RING_C.L"
bones/56/bone_parent = &"FING_RING_B.L"
bones/56/tail_direction = 0
bones/56/reference_pose = Transform3D(0.999499, 0.0176184, -0.0262855, -0.00870967, 0.951751, 0.306749, 0.0304217, -0.306366, 0.951427, -5.75557e-07, 0.65946, -1.07679e-07)
bones/56/handle_offset = Vector2(0.656294, 0.563891)
bones/56/group = &""
bones/56/require = false
bones/57/bone_name = &"RADIUS_TAR.L"
bones/57/bone_parent = &"HAND.L"
bones/57/tail_direction = 0
bones/57/reference_pose = Transform3D(0.934806, 0.201481, 0.292478, -0.122724, 0.956033, -0.266345, -0.333282, 0.213087, 0.918432, 0.286197, -0.315617, -0.100202)
bones/57/handle_offset = Vector2(0.659477, 0.478686)
bones/57/group = &""
bones/57/require = false
bones/58/bone_name = &"ULNA_TAR.L"
bones/58/bone_parent = &"HAND.L"
bones/58/tail_direction = 0
bones/58/reference_pose = Transform3D(0.934806, 0.201482, 0.292478, -0.122725, 0.956033, -0.266344, -0.333282, 0.213086, 0.918432, -0.433328, -0.231015, -0.00405523)
bones/58/handle_offset = Vector2(0.643671, 0.484952)
bones/58/group = &""
bones/58/require = false
bones/59/bone_name = &"CONTROL_FING_THUMB.L"
bones/59/bone_parent = &"HAND.L"
bones/59/tail_direction = 0
bones/59/reference_pose = Transform3D(0.073615, 0.358629, 0.930573, -0.44006, 0.849031, -0.292392, -0.894946, -0.387984, 0.22032, 0.882379, 0.388052, -0.349068)
bones/59/handle_offset = Vector2(0.675647, 0.490665)
bones/59/group = &""
bones/59/require = false
bones/60/bone_name = &"MCH_fingThumbTar.L"
bones/60/bone_parent = &"CONTROL_FING_THUMB.L"
bones/60/tail_direction = 0
bones/60/reference_pose = Transform3D(0.464501, -0.148749, 0.872991, 0.878275, -0.0489142, -0.475647, 0.113454, 0.987664, 0.107922, 5.96046e-07, 2.1776, -1.99676e-06)
bones/60/handle_offset = Vector2(0.69922, 0.525756)
bones/60/group = &""
bones/60/require = false
bones/61/bone_name = &"MCH_fingThumbUP.L"
bones/61/bone_parent = &"CONTROL_FING_THUMB.L"
bones/61/tail_direction = 0
bones/61/reference_pose = Transform3D(0.359378, -0.260908, 0.895977, 0.87114, -0.250466, -0.422352, 0.334607, 0.932306, 0.137275, -0.174237, 11.6841, 2.07229)
bones/61/handle_offset = Vector2(0.846278, 0.658502)
bones/61/group = &""
bones/61/require = false
bones/62/bone_name = &"CONTROL_FING_PINKY.L"
bones/62/bone_parent = &"HAND.L"
bones/62/tail_direction = 0
bones/62/reference_pose = Transform3D(0.972055, -0.0224197, -0.233683, 0.104526, 0.932647, 0.345318, 0.210202, -0.360094, 0.908927, -0.767179, 1.52351, -0.00961726)
bones/62/handle_offset = Vector2(0.644479, 0.527131)
bones/62/group = &""
bones/62/require = false
bones/63/bone_name = &"MCH_fingPinkyTar.L"
bones/63/bone_parent = &"CONTROL_FING_PINKY.L"
bones/63/tail_direction = 0
bones/63/reference_pose = Transform3D(-0.994317, 0.0560622, -0.0905083, -0.106465, -0.523579, 0.845299, 1.03191e-06, 0.85013, 0.526572, -3.01749e-07, 1.66353, -1.21301e-07)
bones/63/handle_offset = Vector2(0.648719, 0.560801)
bones/63/group = &""
bones/63/require = false
bones/64/bone_name = &"MCH_fingPinkyUP.L"
bones/64/bone_parent = &"CONTROL_FING_PINKY.L"
bones/64/tail_direction = 0
bones/64/reference_pose = Transform3D(0.994317, 0.0560645, 0.0905078, 0.106465, -0.52359, -0.845293, -1.96695e-06, 0.850124, -0.526583, -0.887062, 9.94839, 5.1612)
bones/64/handle_offset = Vector2(0.64872, 0.795483)
bones/64/group = &""
bones/64/require = false
bones/65/bone_name = &"CONTROL_FING_RING.L"
bones/65/bone_parent = &"HAND.L"
bones/65/tail_direction = 0
bones/65/reference_pose = Transform3D(0.971502, -0.0297275, -0.235159, 0.114591, 0.927368, 0.35617, 0.207491, -0.372967, 0.904347, -0.463607, 1.74609, 0.0206406)
bones/65/handle_offset = Vector2(0.652694, 0.530692)
bones/65/group = &""
bones/65/require = false
bones/66/bone_name = &"MCH_fingRingTar.L"
bones/66/bone_parent = &"CONTROL_FING_RING.L"
bones/66/tail_direction = 0
bones/66/reference_pose = Transform3D(-0.995367, 0.0515967, -0.0811317, -0.0961487, -0.53414, 0.83991, 9.0152e-07, 0.843819, 0.536627, -6.66827e-07, 2.08515, 3.7434e-07)
bones/66/handle_offset = Vector2(0.657494, 0.572626)
bones/66/group = &""
bones/66/require = false
bones/67/bone_name = &"MCH_fingRingUP.L"
bones/67/bone_parent = &"CONTROL_FING_RING.L"
bones/67/tail_direction = 0
bones/67/reference_pose = Transform3D(0.995367, 0.0515961, 0.0811318, 0.0961485, -0.534147, -0.839906, 4.02331e-07, 0.843816, -0.536633, -0.739237, 9.73815, 4.88976)
bones/67/handle_offset = Vector2(0.657494, 0.790801)
bones/67/group = &""
bones/67/require = false
bones/68/bone_name = &"CONTROL_FING_MID.L"
bones/68/bone_parent = &"HAND.L"
bones/68/tail_direction = 0
bones/68/reference_pose = Transform3D(0.970801, -0.0379844, -0.236858, 0.126039, 0.92088, 0.36891, 0.204105, -0.387992, 0.898779, -0.0156936, 1.84907, 0.113995)
bones/68/handle_offset = Vector2(0.663917, 0.530941)
bones/68/group = &""
bones/68/require = false
bones/69/bone_name = &"MCH_fingMidTar.L"
bones/69/bone_parent = &"CONTROL_FING_MID.L"
bones/69/tail_direction = 0
bones/69/reference_pose = Transform3D(-0.99644, 0.0462323, -0.0704975, -0.0843049, -0.546441, 0.833244, 1.11759e-08, 0.836221, 0.548393, -7.22706e-07, 2.22516, 1.19171e-08)
bones/69/handle_offset = Vector2(0.668408, 0.575336)
bones/69/group = &""
bones/69/require = false
bones/70/bone_name = &"MCH_fingMidUP.L"
bones/70/bone_parent = &"CONTROL_FING_MID.L"
bones/70/tail_direction = 0
bones/70/reference_pose = Transform3D(0.99644, 0.0462333, 0.0704975, 0.0843055, -0.54645, -0.833237, 1.52737e-07, 0.836214, -0.548403, -0.647635, 9.88001, 5.03816)
bones/70/handle_offset = Vector2(0.668409, 0.79531)
bones/70/group = &""
bones/70/require = false
bones/71/bone_name = &"CONTROL_FING_INDEX.L"
bones/71/bone_parent = &"HAND.L"
bones/71/tail_direction = 0
bones/71/reference_pose = Transform3D(0.968787, -0.0878126, -0.23182, 0.163629, 0.929012, 0.331907, 0.186218, -0.359479, 0.914384, 0.561514, 1.88989, -0.0216715)
bones/71/handle_offset = Vector2(0.676886, 0.528198)
bones/71/group = &""
bones/71/require = false
bones/72/bone_name = &"MCH_fingIndexTar.L"
bones/72/bone_parent = &"CONTROL_FING_INDEX.L"
bones/72/tail_direction = 0
bones/72/reference_pose = Transform3D(-0.999084, 0.0219941, -0.0366958, -0.0427823, -0.513635, 0.856942, -6.07222e-07, 0.857727, 0.514106, 2.19792e-07, 2.19243, -5.54837e-09)
bones/72/handle_offset = Vector2(0.679132, 0.573184)
bones/72/group = &""
bones/72/require = false
bones/73/bone_name = &"MCH_fingIndexUP.L"
bones/73/bone_parent = &"CONTROL_FING_INDEX.L"
bones/73/tail_direction = 0
bones/73/reference_pose = Transform3D(0.999084, 0.0219946, 0.0366963, 0.0427829, -0.513646, -0.856935, 9.83477e-07, 0.85772, -0.514116, -0.330997, 9.92248, 4.63766)
bones/73/handle_offset = Vector2(0.679132, 0.789175)
bones/73/group = &""
bones/73/require = false
bones/74/bone_name = &"SCAPULA.L"
bones/74/bone_parent = &"PIV_SHOULDER.L"
bones/74/tail_direction = 0
bones/74/reference_pose = Transform3D(0.730734, 0.248669, 0.635761, -0.667052, 0.458113, 0.587515, -0.145154, -0.853403, 0.500634, 0.120231, 2.29322, 2.34766)
bones/74/handle_offset = Vector2(0.537379, 0.222002)
bones/74/group = &""
bones/74/require = false
bones/75/bone_name = &"PIV_SHOULDER.R"
bones/75/bone_parent = &"STERNUM"
bones/75/tail_direction = 0
bones/75/reference_pose = Transform3D(0.168949, 0.917501, 0.360068, -0.921298, 0.0171931, 0.388476, 0.350237, -0.397362, 0.848197, 0.304495, -0.322042, 0.210912)
bones/75/handle_offset = Vector2(0.492708, 0.207938)
bones/75/group = &""
bones/75/require = false
bones/76/bone_name = &"CLAVICLE.R"
bones/76/bone_parent = &"PIV_SHOULDER.R"
bones/76/tail_direction = 0
bones/76/reference_pose = Transform3D(0.943542, 0.316241, -0.0985871, -0.303216, 0.944376, 0.127331, 0.133371, -0.0902492, 0.986948, -3.72529e-08, -7.32392e-06, -2.25753e-06)
bones/76/handle_offset = Vector2(0.492708, 0.207938)
bones/76/group = &""
bones/76/require = false
bones/77/bone_name = &"SCAPULA.R"
bones/77/bone_parent = &"PIV_SHOULDER.R"
bones/77/tail_direction = 0
bones/77/reference_pose = Transform3D(0.73746, 0.294029, -0.608029, -0.667052, 0.458116, -0.587513, 0.105802, 0.838854, 0.533975, -0.00571805, 2.29319, -2.35074)
bones/77/handle_offset = Vector2(0.46262, 0.222002)
bones/77/group = &""
bones/77/require = false
bones/78/bone_name = &"HUMERUS.R"
bones/78/bone_parent = &"PIV_SHOULDER.R"
bones/78/tail_direction = 0
bones/78/reference_pose = Transform3D(-0.293832, -0.955026, -0.0398466, -0.934284, 0.295758, -0.1991, 0.20193, -0.0212739, -0.979169, 3.51667e-06, 3.7157, 1.78814e-07)
bones/78/handle_offset = Vector2(0.411079, 0.225777)
bones/78/group = &""
bones/78/require = false
bones/79/bone_name = &"RADIUS.R"
bones/79/bone_parent = &"HUMERUS.R"
bones/79/tail_direction = 0
bones/79/reference_pose = Transform3D(0.463157, -0.199337, -0.863568, 0.379718, 0.92505, -0.00987463, 0.800812, -0.323339, 0.504135, -6.55651e-07, 5.81578, -2.38419e-07)
bones/79/handle_offset = Vector2(0.396827, 0.364297)
bones/79/group = &""
bones/79/require = false
bones/80/bone_name = &"ULNA.R"
bones/80/bone_parent = &"HUMERUS.R"
bones/80/tail_direction = 0
bones/80/reference_pose = Transform3D(0.509246, -0.11099, -0.853434, 0.253287, 0.967058, 0.0253703, 0.822505, -0.229084, 0.520583, -6.55651e-07, 5.81578, -2.38419e-07)
bones/80/handle_offset = Vector2(0.396827, 0.364297)
bones/80/group = &""
bones/80/require = false
bones/81/bone_name = &"MCH_forearm.R"
bones/81/bone_parent = &"HUMERUS.R"
bones/81/tail_direction = 0
bones/81/reference_pose = Transform3D(0.521715, -0.162744, -0.837453, 0.31951, 0.947465, 0.0149248, 0.791029, -0.275361, 0.546305, -6.55651e-07, 5.81578, -2.38419e-07)
bones/81/handle_offset = Vector2(0.396827, 0.364297)
bones/81/group = &""
bones/81/require = false
bones/82/bone_name = &"HAND.R"
bones/82/bone_parent = &"MCH_forearm.R"
bones/82/tail_direction = 0
bones/82/reference_pose = Transform3D(0.907406, 0.147114, 0.393665, -0.18312, 0.981534, 0.0552926, -0.378261, -0.122261, 0.91759, 2.08616e-07, 5.64671, -4.91738e-07)
bones/82/handle_offset = Vector2(0.345184, 0.487894)
bones/82/group = &""
bones/82/require = false
bones/83/bone_name = &"RADIUS_TAR.R"
bones/83/bone_parent = &"HAND.R"
bones/83/tail_direction = 0
bones/83/reference_pose = Transform3D(0.89293, -0.223489, -0.390804, 0.122719, 0.956037, -0.266333, 0.433146, 0.189857, 0.881101, -0.27358, -0.315617, -0.130772)
bones/83/handle_offset = Vector2(0.340522, 0.478685)
bones/83/group = &""
bones/83/require = false
bones/84/bone_name = &"ULNA_TAR.R"
bones/84/bone_parent = &"HAND.R"
bones/84/tail_direction = 0
bones/84/reference_pose = Transform3D(0.89293, -0.223489, -0.390804, 0.12272, 0.956037, -0.266332, 0.433146, 0.189857, 0.881101, 0.431188, -0.231025, 0.0431951)
bones/84/handle_offset = Vector2(0.356328, 0.484951)
bones/84/group = &""
bones/84/require = false
bones/85/bone_name = &"PINKY_PALM.R"
bones/85/bone_parent = &"HAND.R"
bones/85/tail_direction = 0
bones/85/reference_pose = Transform3D(0.975051, 0.220751, 0.0233441, -0.221423, 0.974662, 0.031729, -0.0157483, -0.0361063, 0.999224, 0.48742, 0.338764, 0.0072494)
bones/85/handle_offset = Vector2(0.354926, 0.498189)
bones/85/group = &""
bones/85/require = false
bones/86/bone_name = &"FING_PINKY_A.R"
bones/86/bone_parent = &"PINKY_PALM.R"
bones/86/tail_direction = 0
bones/86/reference_pose = Transform3D(0.993077, -0.108996, 0.0437935, 0.0993602, 0.978313, 0.181747, -0.0626533, -0.176137, 0.98237, 1.96509e-07, 1.23746, -1.04308e-07)
bones/86/handle_offset = Vector2(0.355517, 0.527128)
bones/86/group = &""
bones/86/require = false
bones/87/bone_name = &"FING_PINKY_B.R"
bones/87/bone_parent = &"FING_PINKY_A.R"
bones/87/tail_direction = 0
bones/87/reference_pose = Transform3D(0.998389, -0.0566261, 0.00346631, 0.0564271, 0.997493, 0.0426959, -0.00587532, -0.0424315, 0.999082, -6.35162e-07, 0.70865, 1.15251e-08)
bones/87/handle_offset = Vector2(0.354144, 0.542715)
bones/87/group = &""
bones/87/require = false
bones/88/bone_name = &"FING_PINKY_C.R"
bones/88/bone_parent = &"FING_PINKY_B.R"
bones/88/tail_direction = 0
bones/88/reference_pose = Transform3D(0.999303, 0.00752626, 0.036576, -0.0169354, 0.9643, 0.264271, -0.0332813, -0.264706, 0.963755, -8.19564e-07, 0.479707, -4.93237e-08)
bones/88/handle_offset = Vector2(0.35257, 0.553003)
bones/88/group = &""
bones/88/require = false
bones/89/bone_name = &"THUMB_PALM.R"
bones/89/bone_parent = &"HAND.R"
bones/89/tail_direction = 0
bones/89/reference_pose = Transform3D(0.187743, -0.522397, 0.831777, -0.34515, 0.757742, 0.553804, -0.919578, -0.39106, -0.0380444, -0.675308, 0.384572, -0.439941)
bones/89/handle_offset = Vector2(0.328195, 0.491429)
bones/89/group = &""
bones/89/require = false
bones/90/bone_name = &"FING_THUMB_A.R"
bones/90/bone_parent = &"THUMB_PALM.R"
bones/90/tail_direction = 0
bones/90/reference_pose = Transform3D(0.999737, -0.00182015, 0.0228564, 0.00680089, 0.975525, -0.219785, -0.0218969, 0.219883, 0.97528, -4.76837e-07, 1.16892, 1.78069e-06)
bones/90/handle_offset = Vector2(0.310307, 0.506746)
bones/90/group = &""
bones/90/require = false
bones/91/bone_name = &"FING_THUMB_B.R"
bones/91/bone_parent = &"FING_THUMB_A.R"
bones/91/tail_direction = 0
bones/91/reference_pose = Transform3D(0.984262, 0.118508, 0.131085, -0.0785925, 0.957959, -0.275929, -0.158274, 0.261284, 0.952197, 2.38419e-07, 0.655029, 1.41561e-06)
bones/91/handle_offset = Vector2(0.302943, 0.517551)
bones/91/group = &""
bones/91/require = false
bones/92/bone_name = &"FING_MID_A.R"
bones/92/bone_parent = &"HAND.R"
bones/92/tail_direction = 0
bones/92/reference_pose = Transform3D(0.989758, 0.0916922, 0.109415, -0.113863, 0.969363, 0.217649, -0.0861063, -0.227878, 0.969875, 1.75461e-06, 1.87113, 1.29491e-05)
bones/92/handle_offset = Vector2(0.336078, 0.530938)
bones/92/group = &""
bones/92/require = false
bones/93/bone_name = &"FING_MID_B.R"
bones/93/bone_parent = &"FING_MID_A.R"
bones/93/tail_direction = 0
bones/93/reference_pose = Transform3D(0.999878, 0.0139203, 0.00705256, -0.0144146, 0.997026, 0.0757104, -0.00597768, -0.0758028, 0.997105, 5.88596e-07, 1.01171, 3.1319e-07)
bones/93/handle_offset = Vector2(0.333833, 0.552979)
bones/93/group = &""
bones/93/require = false
bones/94/bone_name = &"FING_MID_C.R"
bones/94/bone_parent = &"FING_MID_B.R"
bones/94/tail_direction = 0
bones/94/reference_pose = Transform3D(0.999736, -0.00560279, 0.0222957, -0.000934347, 0.959142, 0.282923, -0.0229699, -0.282869, 0.958883, -1.78814e-07, 0.596733, 2.88532e-07)
bones/94/handle_offset = Vector2(0.33271, 0.565517)
bones/94/group = &""
bones/94/require = false
bones/95/bone_name = &"FING_INDEX_A.R"
bones/95/bone_parent = &"HAND.R"
bones/95/tail_direction = 0
bones/95/reference_pose = Transform3D(0.987797, 0.12646, 0.0909122, -0.137141, 0.982903, 0.122863, -0.0738206, -0.133831, 0.988251, -0.559673, 1.91708, -0.224365)
bones/95/handle_offset = Vector2(0.323109, 0.528194)
bones/95/group = &""
bones/95/require = false
bones/96/bone_name = &"FING_INDEX_B.R"
bones/96/bone_parent = &"FING_INDEX_A.R"
bones/96/tail_direction = 0
bones/96/reference_pose = Transform3D(0.999483, 0.030857, 0.0089794, -0.0317758, 0.990662, 0.132583, -0.00480445, -0.1328, 0.991131, -4.81494e-07, 1.00144, -2.14284e-07)
bones/96/handle_offset = Vector2(0.321489, 0.550904)
bones/96/group = &""
bones/96/require = false
bones/97/bone_name = &"FING_INDEX_C.R"
bones/97/bone_parent = &"FING_INDEX_B.R"
bones/97/tail_direction = 0
bones/97/reference_pose = Transform3D(0.999508, 0.0283111, 0.0134637, -0.0312889, 0.927591, 0.372285, -0.001949, -0.372523, 0.928021, -5.83008e-07, 0.648801, -1.1059e-06)
bones/97/handle_offset = Vector2(0.320928, 0.564862)
bones/97/group = &""
bones/97/require = false
bones/98/bone_name = &"FING_RING_A.R"
bones/98/bone_parent = &"HAND.R"
bones/98/tail_direction = 0
bones/98/reference_pose = Transform3D(0.990728, 0.0762234, 0.112466, -0.100921, 0.967082, 0.233595, -0.0909581, -0.242779, 0.965808, 0.455743, 1.76586, -0.0321462)
bones/98/handle_offset = Vector2(0.347302, 0.530689)
bones/98/group = &""
bones/98/require = false
bones/99/bone_name = &"FING_RING_B.R"
bones/99/bone_parent = &"FING_RING_A.R"
bones/99/tail_direction = 0
bones/99/reference_pose = Transform3D(0.999776, 0.021088, 0.00195171, -0.0211201, 0.999611, 0.0182347, -0.00156641, -0.0182718, 0.999832, -5.4948e-07, 0.882713, 8.38765e-07)
bones/99/handle_offset = Vector2(0.345053, 0.549747)
bones/99/group = &""
bones/99/require = false
bones/100/bone_name = &"FING_RING_C.R"
bones/100/bone_parent = &"FING_RING_B.R"
bones/100/tail_direction = 0
bones/100/reference_pose = Transform3D(0.999499, -0.0176477, 0.0262762, 0.00874307, 0.951778, 0.306664, -0.030421, -0.30628, 0.951455, 1.67638e-08, 0.659466, -2.14051e-07)
bones/100/handle_offset = Vector2(0.343705, 0.56389)
bones/100/group = &""
bones/100/require = false
bones/101/bone_name = &"CONTROL_FING_PINKY.R"
bones/101/bone_parent = &"HAND.R"
bones/101/tail_direction = 0
bones/101/reference_pose = Transform3D(0.989424, 0.0654678, 0.129437, -0.100766, 0.952104, 0.288695, -0.104337, -0.298684, 0.948631, 0.760586, 1.54488, -0.0374305)
bones/101/handle_offset = Vector2(0.355516, 0.527128)
bones/101/group = &""
bones/101/require = false
bones/102/bone_name = &"MCH_fingPinkyUP.R"
bones/102/bone_parent = &"CONTROL_FING_PINKY.R"
bones/102/tail_direction = 0
bones/102/reference_pose = Transform3D(0.993884, -0.0580365, -0.0939507, -0.11024, -0.471384, -0.875011, 0.00649566, 0.880016, -0.474899, 0.843894, 9.46768, 4.26643)
bones/102/handle_offset = Vector2(0.351272, 0.775902)
bones/102/group = &""
bones/102/require = false
bones/103/bone_name = &"MCH_fingPinkyTar.R"
bones/103/bone_parent = &"CONTROL_FING_PINKY.R"
bones/103/tail_direction = 0
bones/103/reference_pose = Transform3D(0.993884, -0.058034, -0.0939518, -0.110239, -0.471374, -0.875016, 0.00649429, 0.880022, -0.474888, 4.47035e-08, 1.60704, 8.53091e-07)
bones/103/handle_offset = Vector2(0.351274, 0.560798)
bones/103/group = &""
bones/103/require = false
bones/104/bone_name = &"CONTROL_FING_RING.R"
bones/104/bone_parent = &"HAND.R"
bones/104/tail_direction = 0
bones/104/reference_pose = Transform3D(0.988518, 0.0733713, 0.132091, -0.112081, 0.942335, 0.315344, -0.101337, -0.326529, 0.939739, 0.455743, 1.76586, -0.0321462)
bones/104/handle_offset = Vector2(0.347302, 0.530689)
bones/104/group = &""
bones/104/require = false
bones/105/bone_name = &"MCH_fingRingUP.R"
bones/105/bone_parent = &"CONTROL_FING_RING.R"
bones/105/tail_direction = 0
bones/105/reference_pose = Transform3D(0.995105, -0.0529741, -0.0834262, -0.0987328, -0.496671, -0.862305, 0.00424451, 0.866321, -0.49947, 0.709275, 9.36321, 4.24721)
bones/105/handle_offset = Vector2(0.342498, 0.776224)
bones/105/group = &""
bones/105/require = false
bones/106/bone_name = &"MCH_fingRingTar.R"
bones/106/bone_parent = &"CONTROL_FING_RING.R"
bones/106/tail_direction = 0
bones/106/reference_pose = Transform3D(0.995105, -0.0529756, -0.0834271, -0.0987343, -0.49666, -0.862311, 0.00424652, 0.866327, -0.499459, -3.72529e-08, 2.031, -8.27014e-07)
bones/106/handle_offset = Vector2(0.3425, 0.572623)
bones/106/group = &""
bones/106/require = false
bones/107/bone_name = &"CONTROL_FING_MID.R"
bones/107/bone_parent = &"HAND.R"
bones/107/tail_direction = 0
