[gd_scene load_steps=8 format=3 uid="uid://ciqrpd5675boy"]

[ext_resource type="Script" uid="uid://b63vut1smnh1" path="res://PlayerTPS/PlayerTPS.gd" id="1_yijc5"]
[ext_resource type="Script" uid="uid://bhglljc6t8dk5" path="res://PlayerTPS/CameraControllerTPS.gd" id="2_6q60d"]
[ext_resource type="PackedScene" uid="uid://c0mo8tek77du4" path="res://PlayerTPS/CharacterSkinTPS.tscn" id="4_myh8i"]

[sub_resource type="CapsuleShape3D" id="CapsuleShape3D_8x2xm"]

[sub_resource type="SeparationRayShape3D" id="SeparationRayShape3D_gqx4v"]

[sub_resource type="CameraAttributesPractical" id="CameraAttributesPractical_2ooex"]
dof_blur_far_enabled = true
dof_blur_far_distance = 45.0

[sub_resource type="CylinderShape3D" id="CylinderShape3D_s5n07"]

[node name="PlayerTPS" type="CharacterBody3D" groups=["damageables"]]
axis_lock_angular_x = true
axis_lock_angular_y = true
axis_lock_angular_z = true
script = ExtResource("1_yijc5")
move_speed = null
bullet_speed = 14.0
attack_impulse = null
acceleration = 6.0
jump_initial_impulse = null
jump_additional_force = null
rotation_speed = null
stopping_speed = null
max_throwback_force = null
shoot_cooldown = null
grenade_cooldown = null

[node name="CharacterCollisionShape" type="CollisionShape3D" parent="."]
transform = Transform3D(1, 0, 0, 0, 1, 0, 0, 0, 1, 0, 1, 0)
shape = SubResource("CapsuleShape3D_8x2xm")

[node name="CameraController" type="Node3D" parent="."]
top_level = true
script = ExtResource("2_6q60d")
invert_mouse_y = true
mouse_sensitivity = 0.065
tilt_upper_limit = 0.48
tilt_lower_limit = -0.8

[node name="CameraOverShoulderPivot" type="Marker3D" parent="CameraController"]
transform = Transform3D(-0.994522, 0.0400013, -0.0965717, 0, 0.92388, 0.382683, 0.104528, 0.380587, -0.918818, -0.848491, 3.48765, -2.32639)

[node name="CameraSpringArm" type="SpringArm3D" parent="CameraController"]
transform = Transform3D(-1, -5.15034e-15, -8.74228e-08, -3.23484e-08, 0.929023, 0.370022, 8.12178e-08, 0.370022, -0.929023, 0, 2.33984, 0)
shape = SubResource("SeparationRayShape3D_gqx4v")
spring_length = 10.0

[node name="CameraThirdPersonPivot" type="Marker3D" parent="CameraController/CameraSpringArm"]
transform = Transform3D(1, 0, 0, 0, 1, 0, 0, 0, 1, 0, 0, 10)

[node name="PlayerCamera" type="Camera3D" parent="CameraController"]
transform = Transform3D(-1, -3.71248e-14, -8.74228e-08, -3.23484e-08, 0.929023, 0.370022, 8.12178e-08, 0.370022, -0.929023, -8.74228e-07, 6.04006, -9.29023)
top_level = true
attributes = SubResource("CameraAttributesPractical_2ooex")
current = true
fov = 50.0

[node name="CameraRayCast" type="RayCast3D" parent="CameraController/PlayerCamera"]
transform = Transform3D(1, 0, -7.10543e-15, 0, 1, 0, 0, 0, 1, 0, 0, 0)
target_position = Vector3(0, 0, -100)
debug_shape_custom_color = Color(0, 0, 0, 0)

[node name="GroundShapeCast" type="ShapeCast3D" parent="."]
transform = Transform3D(1, 0, 0, 0, 1, 0, 0, 0, 1, 0, 0.5, 0)
shape = SubResource("CylinderShape3D_s5n07")
target_position = Vector3(0, -2.6, 0)
margin = 0.5
max_results = 1
debug_shape_custom_color = Color(0.658824, 1, 0, 1)

[node name="CharacterRotationRoot" type="Node3D" parent="."]

[node name="CharacterSkin" parent="CharacterRotationRoot" instance=ExtResource("4_myh8i")]
