[gd_scene load_steps=15 format=3 uid="uid://da4nuaknakhwa"]

[ext_resource type="Material" uid="uid://j3220y8v4j13" path="res://-assets-/GLB-items/crystal_light_3d/materials/stone_brick.tres" id="1_vcwet"]
[ext_resource type="PackedScene" uid="uid://bdnc2qoa2jgcv" path="res://-assets-/GLB-items/crystal_light_3d/flame_gpu_particles_3d.tscn" id="2_vibcs"]
[ext_resource type="PackedScene" uid="uid://1obg3fvpchmk" path="res://-assets-/GLB-items/crystal_light_3d/crystals_3d/crystals_3d.tscn" id="3_vqnpj"]
[ext_resource type="LightmapGIData" uid="uid://daphmdu2kgtc1" path="res://-assets-/GLB-items/crystal_light_3d/bakes/crystal_light_3d.lmbake" id="4_hd7lk"]

[sub_resource type="PlaneMesh" id="PlaneMesh_5mv74"]
lightmap_size_hint = Vector2i(12, 12)
add_uv2 = true

[sub_resource type="PlaneMesh" id="PlaneMesh_vmbru"]
lightmap_size_hint = Vector2i(12, 12)
add_uv2 = true

[sub_resource type="StandardMaterial3D" id="1"]
albedo_color = Color(0.1, 0.1, 0.1, 1)

[sub_resource type="CylinderMesh" id="CylinderMesh_wpkgk"]
lightmap_size_hint = Vector2i(4, 5)
material = SubResource("1")
add_uv2 = true
top_radius = 0.057
bottom_radius = 0.023
height = 0.237
radial_segments = 8
rings = 1

[sub_resource type="Animation" id="Animation_qarh8"]
length = 4.0
loop_mode = 1
tracks/0/type = "value"
tracks/0/imported = false
tracks/0/enabled = true
tracks/0/path = NodePath("FlameGPUParticles3D/OmniLight3D:omni_range")
tracks/0/interp = 1
tracks/0/loop_wrap = true
tracks/0/keys = {
"times": PackedFloat32Array(0, 2),
"transitions": PackedFloat32Array(-2, -2),
"update": 0,
"values": [2.0, 1.8]
}
tracks/1/type = "value"
tracks/1/imported = false
tracks/1/enabled = true
tracks/1/path = NodePath("FlameGPUParticles3D/OmniLight3D:light_energy")
tracks/1/interp = 1
tracks/1/loop_wrap = true
tracks/1/keys = {
"times": PackedFloat32Array(0, 0.5, 0.8, 1, 1.8, 2.5, 3.1, 3.3),
"transitions": PackedFloat32Array(1, 1, 1, 1, 1, 1, 1, 1),
"update": 0,
"values": [1.0, 0.7, 1.0, 0.5, 0.86, 0.5, 0.9, 0.4]
}
tracks/2/type = "value"
tracks/2/imported = false
tracks/2/enabled = true
tracks/2/path = NodePath("FlameGPUParticles3D/OmniLight3D:position")
tracks/2/interp = 1
tracks/2/loop_wrap = true
tracks/2/keys = {
"times": PackedFloat32Array(0, 2),
"transitions": PackedFloat32Array(-2, -2),
"update": 0,
"values": [Vector3(0, 0.07, 0), Vector3(2.38419e-07, 0.0859959, 0)]
}

[sub_resource type="AnimationLibrary" id="AnimationLibrary_h1krq"]
_data = {
&"flicker": SubResource("Animation_qarh8")
}

[sub_resource type="StandardMaterial3D" id="4"]
albedo_color = Color(0.32398, 0.234667, 0.196608, 1)
ao_enabled = true

[sub_resource type="BoxMesh" id="BoxMesh_uhgaq"]
lightmap_size_hint = Vector2i(8, 12)
material = SubResource("4")
add_uv2 = true
size = Vector3(0.4, 0.4, 0.4)

[sub_resource type="BoxMesh" id="7"]
lightmap_size_hint = Vector2i(12, 14)
material = SubResource("4")
add_uv2 = true
size = Vector3(0.2, 0.05, 1.5)

[sub_resource type="Environment" id="8"]
background_mode = 1
background_color = Color(0.0423634, 0.0389047, 0.0960343, 1)
tonemap_mode = 2
tonemap_exposure = 2.0
ssil_radius = 0.35
ssil_intensity = 2.26
sdfgi_use_occlusion = true
glow_levels/1 = 0.58
glow_levels/3 = 0.42
glow_levels/5 = 0.3
glow_intensity = 0.2
glow_strength = 0.16
glow_bloom = 0.11
glow_blend_mode = 0
fog_enabled = true
fog_mode = 1
fog_light_color = Color(0.120264, 0.0922539, 0.191003, 1)
fog_density = 1.0
fog_sky_affect = 0.0
fog_height = 1.27
fog_height_density = 0.1443

[node name="CrystalLight3D" type="Node3D"]

[node name="FloorMeshInstance3D" type="MeshInstance3D" parent="."]
transform = Transform3D(4, 0, 0, 0, 4, 0, 0, 0, 4, 1.5, 0.2, 4)
mesh = SubResource("PlaneMesh_5mv74")
skeleton = NodePath("")
surface_material_override/0 = ExtResource("1_vcwet")

[node name="WallMeshInstance3D" type="MeshInstance3D" parent="."]
transform = Transform3D(-3.01992e-07, -2, -6.03983e-07, -4, 1.50996e-07, 0, 4.55995e-14, 3.01992e-07, -4, 4.7, 3.5, 4)
mesh = SubResource("PlaneMesh_vmbru")
skeleton = NodePath("")
surface_material_override/0 = ExtResource("1_vcwet")

[node name="Torch3D" type="Node3D" parent="."]
transform = Transform3D(0.999999, 0, 0, 0, 0.999999, 0, 0, 0, 1, 4.65847, 1.52431, 1.80375)

[node name="TorchMeshInstance3D" type="MeshInstance3D" parent="Torch3D"]
transform = Transform3D(0.8660247, -0.49999985, 0, 0.49999985, 0.8660247, 0, 0, 0, 1, 0, 0, 0.010876894)
mesh = SubResource("CylinderMesh_wpkgk")
skeleton = NodePath("")

[node name="FlameGPUParticles3D" parent="Torch3D" instance=ExtResource("2_vibcs")]
transform = Transform3D(0.99999994, 0, 0, 0, 0.99999994, 0, 0, 0, 1, -0.07999992, 0.125, -0.054480553)

[node name="AnimationPlayer" type="AnimationPlayer" parent="Torch3D"]
libraries = {
&"": SubResource("AnimationLibrary_h1krq")
}
autoplay = "flicker"

[node name="Props3D" type="Node3D" parent="."]

[node name="CubeMeshInstance3D" type="MeshInstance3D" parent="Props3D"]
transform = Transform3D(0.951659, 0, -0.307157, 0, 1, 0, 0.307157, 0, 0.951659, 3.90382, 0.4, 4.61151)
mesh = SubResource("BoxMesh_uhgaq")

[node name="PlankMeshInstance3D" type="MeshInstance3D" parent="Props3D"]
transform = Transform3D(-1.13133e-08, -0.965926, -0.258819, -4.2222e-08, 0.258819, -0.965926, 1, 0, -4.37114e-08, 4.50689, 0.897407, 2.85133)
mesh = SubResource("7")

[node name="PlankMeshInstance3D2" type="MeshInstance3D" parent="Props3D"]
transform = Transform3D(-0.204513, -0.891406, -0.404437, -0.115858, 0.432309, -0.894251, 0.971983, -0.136029, -0.19169, 4.35054, 0.878848, 2.6153)
mesh = SubResource("7")

[node name="PlankMeshInstance3D3" type="MeshInstance3D" parent="Props3D"]
transform = Transform3D(-0.924871, 0.0629238, -0.375039, 0.0623535, 0.99796, 0.0136695, 0.375135, -0.0107428, -0.926908, 4.18589, 0.210292, 2.10248)
mesh = SubResource("7")

[node name="PlankMeshInstance3D4" type="MeshInstance3D" parent="Props3D"]
transform = Transform3D(0.988499, 0, 0.108429, 0, 1, 0, -0.151226, 0, 0.708754, 4.23214, 0.234343, 1.35686)
mesh = SubResource("7")

[node name="Crystals3D" parent="Props3D" instance=ExtResource("3_vqnpj")]
transform = Transform3D(0.898028, 0, -0.439939, 0, 1, 0, 0.439939, 0, 0.898028, 4.56112, 0, 3.97034)

[node name="Camera3D" type="Camera3D" parent="."]
transform = Transform3D(0.30237, -0.0664912, -0.950869, 0, 0.997564, -0.0697565, 0.953191, 0.0210922, 0.301633, 3.33574, 0.778268, 4.48741)
current = true

[node name="LightmapGI" type="LightmapGI" parent="."]
light_data = ExtResource("4_hd7lk")

[node name="WorldEnvironment" type="WorldEnvironment" parent="."]
environment = SubResource("8")
