[gd_scene load_steps=4 format=3 uid="uid://bjw0lhombik4c"]

[ext_resource type="PackedScene" uid="uid://bqpo1nisx0ycs" path="res://logic/entities/Enemies/PHEnemy_2.tscn" id="1_5h1os"]
[ext_resource type="Material" uid="uid://dk3puajvirh3e" path="res://-assets-/materials-shared/shaders/secret_enemy_mat.tres" id="2_1gwwq"]
[ext_resource type="Material" path="res://-assets-/materials-shared/metal/rusty_metal_04/rusty_metal_04.tres" id="3_sylq8"]

[node name="SecretEnemy" instance=ExtResource("1_5h1os")]

[node name="PHEFeelings" parent="." index="3"]
MAX_HEALTH = 300
PHASE_SWITCH_HP_TRESHOLD = 1.0

[node name="GeneralSkeleton" parent="VisualOffset" index="1"]
bones/0/position = Vector3(0, 0, 0)
bones/1/position = Vector3(0.0026418865, 1.0281305, -0.009419978)
bones/1/rotation = Quaternion(0.14026779, 0.07915084, 0.0631804, 0.9849205)
bones/2/rotation = Quaternion(0.0822055, 0.0032017543, 0.015739469, 0.99648607)
bones/3/rotation = Quaternion(0.15668467, 0.013677988, 0.036651805, 0.98687357)
bones/4/rotation = Quaternion(0.15663573, 0.013721349, 0.03682973, 0.9868741)
bones/5/rotation = Quaternion(-0.10259101, -0.016895534, -0.08543606, 0.99090385)
bones/6/rotation = Quaternion(-0.36604562, -0.12959488, -0.03719569, 0.9207781)
bones/7/rotation = Quaternion(0.4784658, -0.49723673, -0.5862795, -0.42438495)
bones/8/rotation = Quaternion(-0.2608172, 0.9046767, -0.25454107, -0.22077948)
bones/9/rotation = Quaternion(0.11439703, 0.711498, -0.11439762, 0.6838107)
bones/10/rotation = Quaternion(0.10061216, -0.8655627, 0.0058134194, 0.49055535)
bones/11/rotation = Quaternion(-0.14242566, -0.7224838, -0.04419123, 0.6751142)
bones/12/rotation = Quaternion(0.105864, -0.044094276, -0.019674657, 0.9932077)
bones/12/scale = Vector3(0.99999994, 0.9999999, 0.9999999)
bones/13/rotation = Quaternion(0.014418799, -0.0056314333, 0.020866876, 0.99966246)
bones/13/scale = Vector3(1, 1.0000001, 1.0000001)
bones/14/rotation = Quaternion(0.16723713, 1.4901161e-08, 0.020380765, 0.9857061)
bones/15/rotation = Quaternion(0.13818151, 0, 0.016839862, 0.9902638)
bones/16/rotation = Quaternion(0.06925987, 4.4703484e-08, 0.008440435, 0.997563)
bones/17/rotation = Quaternion(0.16723715, 2.9802322e-08, 0.020380765, 0.9857061)
bones/18/rotation = Quaternion(0.13818151, 0, 0.016839862, 0.9902638)
bones/19/rotation = Quaternion(0.06925987, 4.4703484e-08, 0.008440435, 0.997563)
bones/20/rotation = Quaternion(0.16723713, 1.4901161e-08, 0.020380765, 0.9857061)
bones/21/rotation = Quaternion(0.13818151, 0, 0.016839862, 0.9902638)
bones/22/rotation = Quaternion(0.06925985, 1.4901161e-08, 0.008440465, 0.997563)
bones/23/rotation = Quaternion(0.16723713, -2.9802322e-08, 0.020380765, 0.9857061)
bones/24/rotation = Quaternion(0.13818146, 0, 0.016839802, 0.99026376)
bones/25/rotation = Quaternion(0.06925988, 1.1920929e-07, 0.008440435, 0.99756294)
bones/26/rotation = Quaternion(0.56488514, 0.43144006, 0.5114683, -0.48287112)
bones/27/rotation = Quaternion(0.52275914, 0.822553, -0.223848, 0.004657418)
bones/28/rotation = Quaternion(0.36487743, -0.6482367, 0.36487755, 0.5599268)
bones/29/rotation = Quaternion(0.07047528, 0.89305615, -0.10157239, 0.4326281)
bones/30/rotation = Quaternion(-0.15307231, 0.71794397, 0.06370721, 0.6760672)
bones/31/rotation = Quaternion(0.1367984, 0.0511085, 0.013711962, 0.9891847)
bones/31/scale = Vector3(0.99999994, 0.9999999, 0.9999999)
bones/32/rotation = Quaternion(0.047807932, 0.018101603, -0.019544154, 0.99850124)
bones/32/scale = Vector3(1, 1.0000001, 1.0000001)
bones/33/rotation = Quaternion(0.20399293, 1.4901161e-08, -0.024618328, 0.97866285)
bones/34/rotation = Quaternion(0.08727972, 7.4505806e-08, -0.010532945, 0.99612826)
bones/35/rotation = Quaternion(0.043682177, -1.3411046e-07, -0.0052714352, 0.99903166)
bones/36/rotation = Quaternion(0.20385641, 0, -0.024601758, 0.9786917)
bones/37/rotation = Quaternion(0.087418646, -1.4901161e-08, -0.010549933, 0.9961158)
bones/38/rotation = Quaternion(0.043682173, -1.1920929e-07, -0.005271554, 0.9990316)
bones/39/rotation = Quaternion(0.20399293, 1.4901161e-08, -0.024618328, 0.97866285)
bones/40/rotation = Quaternion(0.08727969, 4.4703484e-08, -0.010532945, 0.99612826)
bones/41/rotation = Quaternion(0.043682177, -1.3411046e-07, -0.0052714352, 0.99903166)
bones/42/rotation = Quaternion(0.19950674, 0.007325366, -0.05922094, 0.9780779)
bones/43/rotation = Quaternion(0.09165857, 0.0031341906, 0.024709638, 0.9954789)
bones/44/rotation = Quaternion(0.043682158, -1.3411045e-07, -0.005271584, 0.9990316)
bones/45/rotation = Quaternion(0.1337594, 0.33826828, 0.90079594, 0.23717049)
bones/46/rotation = Quaternion(-0.05835656, 0.482556, -0.8735234, 0.02629208)
bones/47/rotation = Quaternion(0.13034305, 0.64366466, -0.7540811, -0.0082583055)
bones/48/rotation = Quaternion(-0.012709011, 0.93604445, 0.3494173, -0.039582487)
bones/49/rotation = Quaternion(0.11321973, 0.7833936, 0.59354657, -0.14552762)
bones/50/rotation = Quaternion(0.05956719, 0.6835812, -0.7260239, -0.04536423)
bones/51/rotation = Quaternion(-0.16303468, 0.67993057, -0.7146442, -0.019947588)
bones/52/rotation = Quaternion(-6.29559e-08, 1, -5.960465e-08, 4.31127e-08)

[node name="skull" parent="VisualOffset/Visuals/gold parts v2" index="0"]
material_override = ExtResource("2_1gwwq")

[node name="arm" parent="VisualOffset/Visuals/Node3D" index="4"]
material_override = ExtResource("2_1gwwq")

[node name="leg_003" parent="VisualOffset/Visuals/Node3D" index="5"]
material_override = ExtResource("2_1gwwq")

[node name="feet_009" parent="VisualOffset/Visuals/Node3D" index="6"]
material_override = ExtResource("2_1gwwq")

[node name="pelivs-shoulders" parent="VisualOffset/Visuals/Node3D" index="7"]
material_override = ExtResource("2_1gwwq")

[node name="cage_013" parent="VisualOffset/Visuals/Node3D" index="8"]
material_override = ExtResource("2_1gwwq")

[node name="spine_014" parent="VisualOffset/Visuals/Node3D" index="9"]
material_override = ExtResource("2_1gwwq")

[node name="jaw" parent="VisualOffset/Visuals/Node3D" index="10"]
material_override = ExtResource("2_1gwwq")

[node name="pelvis-front" parent="VisualOffset/Visuals/Node3D" index="11"]
material_override = ExtResource("2_1gwwq")

[node name="Root" parent="bones" index="0"]
transform = Transform3D(1, 0, 0, 0, 1, 0, 0, 0, 1, 0, 0, 0)

[node name="Hips" parent="bones" index="1"]
transform = Transform3D(0.97948676, -0.10225071, 0.17363891, 0.14665996, 0.9526664, -0.26630366, -0.13819021, 0.2863068, 0.9481202, 0.0026418865, 1.0281305, -0.009419978)

[node name="RightWrist" parent="bones" index="2"]
transform = Transform3D(0.9201409, 0.11237769, 0.37511575, 0.1624273, -0.9811727, -0.10448511, 0.35631165, 0.15707009, -0.92107064, -0.48194975, 0.4228189, 0.41538352)

[node name="Pinga_002" parent="bones/RightWrist/WeaponSocket/BigPingaBlade/Visuals/pinga" index="0"]
material_override = ExtResource("3_sylq8")

[node name="Pinga_002" parent="bones/RightWrist/WeaponSocket/BigPingaBlade/Visuals/pinga2" index="0"]
material_override = ExtResource("3_sylq8")

[node name="chain HP_003" parent="bones/RightWrist/WeaponSocket/BigPingaBlade/Visuals/pinga2/Pinga_002" index="0"]
visible = false

[node name="Pinga_002" parent="bones/RightWrist/WeaponSocket/BigPingaBlade/Visuals/pinga3" index="0"]
material_override = ExtResource("3_sylq8")

[node name="chain HP_003" parent="bones/RightWrist/WeaponSocket/BigPingaBlade/Visuals/pinga3/Pinga_002" index="0"]
visible = false

[node name="LegL" parent="bones" index="3"]
transform = Transform3D(0.9160288, 0.19148932, -0.352453, 0.21268775, -0.97687167, 0.022038259, -0.3400812, -0.09515045, -0.93556994, 0.6744963, 1.0994455, 0.60458136)

[node name="LegR" parent="bones" index="4"]
transform = Transform3D(0.91656303, -0.30678356, 0.2565072, -0.22719234, 0.12837517, 0.96535146, -0.32908306, -0.943082, 0.04796508, -0.38921815, 0.22362494, 0.40490663)

[node name="--test" parent="bones" index="5"]
transform = Transform3D(0.99528813, 0.09674015, 0.0065641827, 0.00675316, -0.0016238327, -0.99996567, -0.09672616, 0.99531853, -0.0022697398, 0.8856892, 0.13702519, 0.674755)

[node name="BoneAttachment3D" parent="bones" index="6"]
transform = Transform3D(0.99995357, -0.009531185, 0.0014195889, 0.00962922, 0.9939743, -0.109188855, -0.00037032366, 0.10919753, 0.9940201, -0.08896437, 1.8347415, 0.62571526)

[node name="Config" parent="." index="12"]
TOO_FAR_ = 32.0
REAL_FAR_ = 18.0
DODGE_RAD_ = 3.0
SPEED_SCALE_COEF = 1.1
DIST_TO_AWAKE = 2.0

[editable path="bones/RightWrist/WeaponSocket/BigPingaBlade"]
[editable path="bones/RightWrist/WeaponSocket/BigPingaBlade/WeaponHurtBox"]
[editable path="bones/RightWrist/WeaponSocket/BigPingaBlade/Visuals/pinga"]
[editable path="bones/RightWrist/WeaponSocket/BigPingaBlade/Visuals/pinga2"]
[editable path="bones/RightWrist/WeaponSocket/BigPingaBlade/Visuals/pinga3"]
[editable path="bones/RightWrist/WeaponSocket/BigPingaBlade/WeaponSFXParent"]
