[gd_scene load_steps=4 format=3 uid="uid://dso5bccmjylyx"]

[ext_resource type="Texture2D" uid="uid://c6gsd2mdmea8w" path="res://ui/_TPS/floor.png" id="1_fyla8"]

[sub_resource type="QuadMesh" id="3"]
size = Vector2(4096, 4096)

[sub_resource type="StandardMaterial3D" id="StandardMaterial3D_froyn"]
albedo_color = Color(0.419608, 0.419608, 0.419608, 1)
albedo_texture = ExtResource("1_fyla8")

[node name="MenuScene" type="Node3D"]

[node name="Floor" type="MeshInstance3D" parent="."]
transform = Transform3D(1, 0, 0, 0, 0, 1, 0, -1, 0, 0, 0, 0)
mesh = SubResource("3")
skeleton = NodePath("../..")
surface_material_override/0 = SubResource("StandardMaterial3D_froyn")

[node name="SpotLight3D" type="SpotLight3D" parent="."]
transform = Transform3D(0.96702665, 1.8732771e-07, 0.2546752, -0.22529092, 0.4663121, 0.85545135, -0.118757956, -0.88462025, 0.45093635, 0.557445, 2.31204, 0.556668)
shadow_enabled = true

[node name="SpotLightBounce" type="SpotLight3D" parent="."]
transform = Transform3D(-0.96702665, 1.7570028e-07, -0.25467518, 0.22529092, 0.46631208, -0.8554514, 0.118757956, -0.8846203, -0.45093626, -0.206581, -0.720626, 0.088479)
light_color = Color(1, 0.654902, 0.0509804, 1)
light_energy = 0.3
light_specular = 0.0

[node name="Camera3D" type="Camera3D" parent="."]
unique_name_in_owner = true
transform = Transform3D(0.87162405, -0.036308285, 0.48882845, 0, 0.9972529, 0.07407208, -0.49017504, -0.064563, 0.86922956, 0.0702285, 1.22404, 2.09675)
current = true
